10000 0.000000
10010000 0.031000
20010000 0.047000
30010000 0.062000
40010000 0.097000
50010000 0.093000
60010000 0.121000
70010000 0.141000
80010000 0.171000
90010000 0.156000
100010000 0.171000
110010000 0.187000
120010000 0.219000
130010000 0.250000
140010000 0.274000
150010000 0.281000
160010000 0.297000
170010000 0.313000
180010000 0.328000
190010000 0.359000
200010000 0.375000
210010000 0.391000
220010000 0.390000
230010000 0.422000
240010000 0.437000
250010000 0.452000
260010000 0.500000
270010000 0.484000
280010000 0.516000
290010000 0.531000
300010000 0.547000
310010000 0.562000
320010000 0.579000
330010000 0.594000
340010000 0.625000
350010000 0.640000
360010000 0.656000
370010000 0.687000
380010000 0.687000
390010000 0.703000
400010000 0.734000
410010000 0.750000
420010000 0.765000
430010000 0.781000
440010000 0.796000
450010000 0.828000
460010000 0.844000
470010000 0.859000
480010000 0.875000
490010000 0.891000
500010000 0.922000
510010000 0.923000
520010000 0.953000
530010000 0.969000
540010000 0.984000
550010000 1.000000
560010000 1.016000
570010000 1.047000
580010000 1.062000
590010000 1.084000
600010000 1.094000
610010000 1.125000
620010000 1.124000
630010000 1.156000
640010000 1.156000
650010000 1.188000
660010000 1.218000
670010000 1.234000
680010000 1.234000
690010000 1.281000
700010000 1.281000
710010000 1.312000
720010000 1.313000
730010000 1.343000
740010000 1.359000
750010000 1.359000
760010000 1.406000
770010000 1.391000
780010000 1.437000
790010000 1.452000
800010000 1.469000
810010000 1.500000
820010000 1.484000
830010000 1.516000
840010000 1.546000
850010000 1.547000
860010000 1.578000
870010000 1.578000
880010000 1.609000
890010000 1.640000
900010000 1.640000
910010000 1.656000
920010000 1.687000
930010000 1.704000
940010000 1.718000
950010000 1.766000
960010000 1.781000
970010000 1.765000
980010000 1.796000
990010000 1.812000
1000010000 1.812000
