1 0.000000
1001 0.003704
2001 0.003601
3001 0.012901
4001 0.007298
5001 0.008999
6001 0.011627
7001 0.012544
8001 0.015265
9001 0.017059
10001 0.018258
11001 0.019599
12001 0.021548
13001 0.023831
14001 0.025764
15001 0.027831
16001 0.029478
17001 0.031920
18001 0.032979
19001 0.034889
20001 0.036397
21001 0.038347
22001 0.040968
23001 0.041802
24001 0.047522
25001 0.045399
26001 0.047206
27001 0.049976
28001 0.052432
29001 0.053234
30001 0.054937
31001 0.056077
32001 0.058426
33001 0.060307
34001 0.062342
35001 0.064042
36001 0.065641
37001 0.067170
38001 0.068886
39001 0.073828
40001 0.072715
41001 0.075363
42001 0.076504
43001 0.079755
44001 0.080888
45001 0.082510
46001 0.083877
47001 0.085788
48001 0.088060
49001 0.089562
50001 0.091259
51001 0.092928
52001 0.096752
53001 0.096869
54001 0.099243
55001 0.100553
56001 0.102807
57001 0.105759
58001 0.105916
59001 0.107523
60001 0.109670
61001 0.110917
62001 0.113614
63001 0.114396
64001 0.117139
65001 0.118048
66001 0.121224
67001 0.122123
68001 0.124714
69001 0.127071
70001 0.127428
71001 0.130363
72001 0.131196
73001 0.133841
74001 0.134886
75001 0.137739
76001 0.138838
77001 0.139902
78001 0.143346
79001 0.142782
80001 0.152255
81001 0.148471
82001 0.150003
83001 0.151433
84001 0.152178
85001 0.156120
86001 0.156756
87001 0.159857
88001 0.160950
89001 0.163214
90001 0.164151
91001 0.168040
92001 0.167569
93001 0.169638
94001 0.172636
95001 0.173166
96001 0.175836
97001 0.176849
98001 0.178544
99001 0.179488
100001 0.184813
