1 0.000000
1001 0.078000
2001 0.126000
3001 0.213000
4001 0.203000
5001 0.250000
6001 0.297000
7001 0.344000
8001 0.390000
9001 0.468000
10001 0.594000
11001 0.531000
12001 0.640000
13001 0.688000
14001 0.781000
15001 0.765000
16001 0.796000
17001 0.844000
18001 0.891000
19001 1.063000
20001 1.016000
21001 1.125000
22001 1.188000
23001 1.140000
24001 1.203000
25001 1.249000
26001 1.328000
27001 1.343000
28001 1.468000
29001 1.515000
30001 1.641000
31001 1.578000
32001 1.593000
33001 1.702000
34001 1.702000
35001 1.734000
36001 1.797000
37001 1.859000
38001 1.937000
39001 1.921000
40001 2.015000
41001 2.015000
42001 2.187000
43001 2.125000
44001 2.250000
45001 2.202000
46001 2.264000
47001 2.311000
48001 2.360000
49001 2.547000
50001 2.577000
51001 2.547000
52001 2.718000
53001 2.624000
54001 2.671000
55001 2.734000
56001 2.795000
57001 2.876000
58001 2.905000
59001 2.937000
60001 2.968000
61001 3.015000
62001 3.124000
63001 3.156000
64001 3.171000
65001 3.233000
66001 3.296000
67001 3.326000
68001 3.389000
69001 3.406000
70001 3.499000
71001 3.546000
72001 3.687000
73001 3.593000
74001 3.624000
75001 3.749000
76001 3.810000
77001 3.862000
78001 4.093000
79001 3.983000
80001 3.922000
81001 4.107000
82001 4.045000
83001 4.108000
84001 4.280000
85001 4.403000
86001 4.358000
87001 4.437000
88001 4.436000
89001 4.468000
90001 4.498000
91001 4.732000
92001 4.625000
93001 4.655000
94001 4.654000
95001 4.733000
96001 4.844000
97001 4.858000
98001 5.078000
99001 5.281000
100001 5.515000
