10000 0.000000
10010000 0.927000
20010000 1.019000
30010000 0.800000
40010000 0.829000
50010000 1.001000
60010000 0.980000
70010000 1.013000
80010000 1.079000
90010000 0.981000
100010000 1.111000
110010000 0.970000
120010000 1.172000
130010000 1.187000
140010000 1.327000
150010000 1.189000
160010000 1.206000
170010000 1.486000
180010000 1.251000
190010000 1.441000
200010000 1.352000
210010000 1.553000
220010000 1.513000
230010000 1.449000
240010000 1.222000
250010000 1.501000
260010000 1.373000
270010000 1.250000
280010000 1.378000
290010000 1.280000
300010000 1.581000
310010000 1.484000
320010000 1.288000
330010000 1.611000
340010000 1.637000
350010000 1.582000
360010000 1.426000
370010000 1.767000
380010000 1.623000
390010000 1.565000
400010000 1.705000
410010000 1.554000
420010000 1.687000
430010000 1.839000
440010000 1.805000
450010000 1.858000
460010000 1.643000
470010000 1.731000
480010000 2.003000
490010000 1.954000
500010000 1.812000
510010000 1.835000
520010000 2.035000
530010000 1.828000
540010000 1.881000
550010000 1.903000
560010000 1.712000
570010000 2.151000
580010000 1.927000
590010000 1.972000
600010000 2.097000
610010000 2.044000
620010000 2.077000
630010000 2.197000
640010000 2.462000
650010000 2.159000
660010000 2.170000
670010000 2.092000
680010000 2.002000
690010000 2.352000
700010000 2.268000
710010000 2.266000
720010000 2.341000
730010000 2.490000
740010000 2.261000
750010000 2.544000
760010000 2.395000
770010000 2.133000
780010000 2.248000
790010000 2.160000
800010000 2.644000
810010000 2.615000
820010000 2.706000
830010000 2.472000
840010000 2.436000
850010000 2.395000
860010000 2.758000
870010000 2.579000
880010000 2.518000
890010000 2.727000
900010000 2.646000
910010000 2.762000
920010000 2.608000
930010000 2.574000
940010000 2.687000
950010000 2.872000
960010000 2.933000
970010000 2.977000
980010000 3.207000
990010000 3.095000
1000010000 3.140000
