1 0.000000
1001 0.001000
2001 0.032000
3001 0.031000
4001 0.047000
5001 0.047000
6001 0.062000
7001 0.062000
8001 0.078000
9001 0.094000
10001 0.109000
11001 0.109000
12001 0.125000
13001 0.125000
14001 0.141000
15001 0.157000
16001 0.188000
17001 0.172000
18001 0.187000
19001 0.203000
20001 0.219000
21001 0.219000
22001 0.234000
23001 0.234000
24001 0.249000
25001 0.250000
26001 0.250000
27001 0.250000
28001 0.266000
29001 0.281000
30001 0.281000
31001 0.296000
32001 0.297000
33001 0.312000
34001 0.359000
35001 0.344000
36001 0.343000
37001 0.375000
38001 0.375000
39001 0.375000
40001 0.391000
41001 0.391000
42001 0.406000
43001 0.422000
44001 0.422000
45001 0.406000
46001 0.453000
47001 0.453000
48001 0.469000
49001 0.468000
50001 0.485000
51001 0.515000
52001 0.500000
53001 0.500000
54001 0.531000
55001 0.515000
56001 0.547000
57001 0.562000
58001 0.547000
59001 0.578000
60001 0.578000
61001 0.593000
62001 0.594000
63001 0.625000
64001 0.641000
65001 0.625000
66001 0.641000
67001 0.656000
68001 0.656000
69001 0.656000
70001 0.657000
71001 0.671000
72001 0.687000
73001 0.703000
74001 0.703000
75001 0.719000
76001 0.735000
77001 0.734000
78001 0.734000
79001 0.750000
80001 0.765000
81001 0.781000
82001 0.781000
83001 0.796000
84001 0.797000
85001 0.812000
86001 0.797000
87001 0.828000
88001 0.844000
89001 0.921000
90001 0.891000
91001 0.875000
92001 0.906000
93001 0.906000
94001 0.891000
95001 0.937000
96001 0.969000
97001 0.937000
98001 0.937000
99001 0.953000
100001 1.109000
