10000 0
10010000 0.016
20010000 0.047
30010000 0.047
40010000 0.062
50010000 0.093
60010000 0.109
70010000 0.125
80010000 0.141
90010000 0.172
100010000 0.172
110010000 0.203
120010000 0.218
130010000 0.234
140010000 0.249
150010000 0.281
160010000 0.281
170010000 0.313
180010000 0.313
190010000 0.344
200010000 0.359
210010000 0.374
220010000 0.406
230010000 0.422
240010000 0.437
250010000 0.469
260010000 0.468
270010000 0.484
280010000 0.515
290010000 0.531
300010000 0.547
310010000 0.562
320010000 0.578
330010000 0.594
340010000 0.609
350010000 0.641
360010000 0.656
370010000 0.672
380010000 0.688
390010000 0.703
400010000 0.734
410010000 0.75
420010000 0.766
430010000 0.765
440010000 0.797
450010000 0.812
460010000 0.843
470010000 0.859
480010000 0.875
490010000 0.89
500010000 0.922
510010000 0.921
520010000 0.937
530010000 0.968
540010000 0.968
550010000 1
560010000 1
570010000 1.031
580010000 1.047
590010000 1.078
600010000 1.093
610010000 1.125
620010000 1.125
630010000 1.14
640010000 1.171
650010000 1.171
660010000 1.187
670010000 1.265
680010000 1.281
690010000 1.406
700010000 1.734
710010000 1.453
720010000 2.063
730010000 2.249
740010000 2.047
750010000 2.109
760010000 2.313
770010000 2.422
780010000 2
790010000 1.97
800010000 1.765
810010000 1.609
820010000 1.641
830010000 1.687
840010000 1.672
850010000 1.687
860010000 1.718
870010000 1.828
880010000 1.797
890010000 1.812
900010000 1.812
910010000 1.89
920010000 1.906
930010000 1.937
940010000 1.922
950010000 1.937
960010000 1.984
970010000 1.952
980010000 2.03
990010000 2.046
1000010000 2.093
