100 0.0018272
200 0.0038172
300 0.006337
400 0.0077068
500 0.0095003
600 0.0115419
700 0.0135342
800 0.0148607
900 0.0174105
1000 0.0193086
1100 0.0204285
1200 0.0222012
1300 0.0239881
1400 0.0259904
1500 0.0280607
1600 0.0312697
1700 0.0319307
1800 0.0345718
1900 0.0357928
2000 0.0382882
2100 0.0394896
2200 0.0414085
2300 0.0430318
2400 0.0460119
2500 0.0466323
2600 0.0488067
2700 0.0505737
2800 0.0540855
2900 0.0594262
3000 0.0574575
3100 0.0585273
3200 0.0608675
3300 0.0620588
3400 0.0636011
3500 0.0694456
3600 0.067832
3700 0.0696582
3800 0.0713318
3900 0.073762
4000 0.0751167
4100 0.0789736
4200 0.0787856
4300 0.0809061
4400 0.0852201
4500 0.0853192
4600 0.0860589
4700 0.0887603
4800 0.091051
4900 0.0923154
5000 0.0958933
5100 0.0955165
5200 0.0982757
5300 0.100354
5400 0.101129
5500 0.104757
5600 0.105642
5700 0.116781
5800 0.109484
5900 0.111321
6000 0.11234
6100 0.117161
6200 0.118674
6300 0.12028
6400 0.120247
6500 0.123177
6600 0.124483
6700 0.132823
6800 0.144616
6900 0.16346
7000 0.151182
7100 0.169695
7200 0.180647
7300 0.190116
7400 0.197901
7500 0.180551
7600 0.404482
7700 0.495571
7800 0.246966
7900 0.189357
8000 0.178117
8100 0.182456
8200 0.182
8300 0.18169
8400 0.190956
8500 0.189892
8600 0.190054
8700 0.192901
8800 0.20578
8900 0.204458
9000 0.203656
9100 0.206997
9200 0.210438
9300 0.213646
9400 0.214034
9500 0.217228
9600 0.221193
9700 0.224527
9800 0.216326
9900 0.224696
10000 0.226799
