100 0.062
200 0.11
300 0.172
400 0.187
500 0.282
600 0.359
700 0.344
800 0.39
900 0.469
1000 0.484
1100 0.531
1200 0.578
1300 0.718
1400 0.75
1500 0.765
1600 0.828
1700 0.875
1800 1.047
1900 0.921
2000 1
2100 1.094
2200 1.281
2300 1.172
2400 1.188
2500 1.281
2600 1.311
2700 1.359
2800 1.359
2900 1.499
3000 1.594
3100 1.53
3200 1.827
3300 1.64
3400 1.718
3500 1.812
3600 1.827
3700 1.983
3800 1.874
3900 1.907
4000 1.985
4100 2.14
4200 2.062
4300 2.25
4400 2.124
4500 2.328
4600 2.327
4700 2.328
4800 2.454
4900 2.437
5000 2.484
5100 2.53
5200 2.593
5300 2.64
5400 2.623
5500 2.812
5600 2.843
5700 3.343
5800 2.859
5900 2.951
6000 2.967
6100 3.313
6200 3.14
6300 3.233
6400 3.233
6500 3.312
6600 3.702
6700 6.609
6800 5.999
6900 5.484
7000 5.25
7100 5.234
7200 5.483
7300 5.703
7400 5.951
7500 5.844
7600 8.905
7700 8.919
7800 8.67
7900 8.481
8000 5.497
8100 5.546
8200 5.514
8300 5.748
8400 5.701
8500 5.764
8600 5.921
8700 5.812
8800 5.998
8900 6.217
9000 6.248
9100 6.421
9200 6.436
9300 6.53
9400 6.655
9500 6.64
9600 6.67
9700 6.811
9800 6.796
9900 7.029
10000 6.998
