10000 0.015
10010000 0.687
20010000 0.847
30010000 0.828
40010000 0.875
50010000 0.685
60010000 0.808
70010000 0.878
80010000 0.907
90010000 0.843
100010000 0.738
110010000 0.862
120010000 1.125
130010000 1.087
140010000 1.09
150010000 1.174
160010000 1.093
170010000 1.003
180010000 0.883
190010000 1.059
200010000 1.094
210010000 1.218
220010000 1.051
230010000 1.417
240010000 1.685
250010000 1.403
260010000 1.642
270010000 1.644
280010000 1.329
290010000 1.543
300010000 1.452
310010000 1.688
320010000 1.339
330010000 1.373
340010000 1.36
350010000 1.523
360010000 1.513
370010000 1.405
380010000 1.294
390010000 1.622
400010000 1.489
410010000 1.635
420010000 1.537
430010000 1.54
440010000 1.811
450010000 1.308
460010000 1.591
470010000 1.625
480010000 1.816
490010000 1.822
500010000 1.594
510010000 1.608
520010000 1.765
530010000 1.763
540010000 1.673
550010000 2.055
560010000 1.761
570010000 1.827
580010000 1.749
590010000 1.765
600010000 1.877
610010000 1.837
620010000 2.172
630010000 1.766
640010000 2.061
650010000 1.791
660010000 1.903
670010000 2.074
680010000 2.122
690010000 2.391
700010000 3.029
710010000 2.254
720010000 3.488
730010000 3.528
740010000 3.263
750010000 3.515
760010000 3.505
770010000 4.14
780010000 3.423
790010000 3.346
800010000 3.207
810010000 2.583
820010000 2.624
830010000 2.984
840010000 2.806
850010000 2.935
860010000 2.595
870010000 2.625
880010000 3.04
890010000 2.923
900010000 2.745
910010000 2.824
920010000 2.958
930010000 3.002
940010000 2.897
950010000 2.765
960010000 2.987
970010000 2.733
980010000 3.022
990010000 2.866
1000010000 2.968
