100 0.016
200 0.015
300 0.031
400 0.047
500 0.062
600 0.079
700 0.078
800 0.078
900 0.093
1000 0.094
1100 0.109
1200 0.125
1300 0.141
1400 0.14
1500 0.157
1600 0.156
1700 0.172
1800 0.172
1900 0.188
2000 0.203
2100 0.203
2200 0.203
2300 0.234
2400 0.234
2500 0.25
2600 0.25
2700 0.25
2800 0.281
2900 0.297
3000 0.297
3100 0.313
3200 0.328
3300 0.328
3400 0.344
3500 0.344
3600 0.359
3700 0.375
3800 0.375
3900 0.39
4000 0.406
4100 0.406
4200 0.406
4300 0.437
4400 0.438
4500 0.453
4600 0.438
4700 0.468
4800 0.468
4900 0.484
5000 0.484
5100 0.485
5200 0.516
5300 0.531
5400 0.547
5500 0.547
5600 0.547
5700 0.578
5800 0.609
5900 0.578
6000 0.578
6100 0.594
6200 0.609
6300 0.625
6400 0.656
6500 0.641
6600 0.656
6700 1.015
6800 0.687
6900 1.234
7000 1.046
7100 0.829
7200 1.078
7300 1.047
7400 1.297
7500 1.172
7600 1.922
7700 1.906
7800 1.703
7900 1.734
8000 0.922
8100 0.968
8200 0.984
8300 1.016
8400 0.984
8500 1
8600 1
8700 1.047
8800 1.031
8900 1.078
9000 1.109
9100 1.156
9200 1.14
9300 1.172
9400 1.172
9500 1.172
9600 1.203
9700 1.188
9800 1.204
9900 1.297
10000 1.25
