10000 1.027E-4
10010000 0.0097084
20010000 0.0152183
30010000 0.0138022
40010000 0.0218809
50010000 0.0199483
60010000 0.0260167
70010000 0.0284996
80010000 0.0354658
90010000 0.0374559
100010000 0.0430145
110010000 0.0498379
120010000 0.0506552
130010000 0.0517947
140010000 0.0556225
150010000 0.0611555
160010000 0.0648995
170010000 0.0679743
180010000 0.0746358
190010000 0.0854335
200010000 0.0839835
210010000 0.0854895
220010000 0.0886871
230010000 0.0947704
240010000 0.098534
250010000 0.1043448
260010000 0.1056398
270010000 0.1106539
280010000 0.1165986
290010000 0.1273981
300010000 0.1270546
310010000 0.1312715
320010000 0.1300323
330010000 0.1375656
340010000 0.1420669
350010000 0.1458983
360010000 0.1482321
370010000 0.1400398
380010000 0.1577582
390010000 0.1597316
400010000 0.1555097
410010000 0.1702553
420010000 0.1567072
430010000 0.1873218
440010000 0.1806067
450010000 0.1854882
460010000 0.1911411
470010000 0.1783471
480010000 0.196753
490010000 0.1999186
500010000 0.2034096
510010000 0.2123002
520010000 0.2158586
530010000 0.2195174
540010000 0.2254488
550010000 0.2293936
560010000 0.2321099
570010000 0.2320982
580010000 0.2329061
590010000 0.2446528
600010000 0.2452536
610010000 0.2516764
620010000 0.249105
630010000 0.2532879
640010000 0.2534897
650010000 0.256958
660010000 0.2598399
670010000 0.2644573
680010000 0.266181
690010000 0.2693705
700010000 0.2724693
710010000 0.2767156
720010000 0.280032
730010000 0.2827397
740010000 0.2895298
750010000 0.2927596
760010000 0.2967389
770010000 0.298352
780010000 0.3108467
790010000 0.3117456
800010000 0.3154148
810010000 0.318836
820010000 0.3192812
830010000 0.323472
840010000 0.3260263
850010000 0.330385
860010000 0.3416043
870010000 0.3410302
880010000 0.3412821
890010000 0.3449453
900010000 0.3509442
910010000 0.3521597
920010000 0.3564015
930010000 0.3617648
940010000 0.3706127
950010000 0.3708108
960010000 0.3764994
970010000 0.3841556
980010000 0.3876762
990010000 0.4013553
1000010000 0.3984743
