0 4.0E-7
100 0.0685987
200 0.0096363
300 0.0101886
400 0.0130456
500 0.0174771
600 0.0168551
700 0.0239543
800 0.020669
900 0.0217138
1000 0.0245251
1100 0.0278175
1200 0.0289912
1300 0.0338966
1400 0.0354632
1500 0.0384435
1600 0.0409921
1700 0.0431654
1800 0.0462655
1900 0.0478846
2000 0.0540409
2100 0.0571547
2200 0.0561649
2300 0.0589032
2400 0.0611084
2500 0.0644788
2600 0.0664902
2700 0.0697806
2800 0.0717793
2900 0.0736613
3000 0.0763039
3100 0.0794498
3200 0.0865173
3300 0.0833475
3400 0.086411
3500 0.089502
3600 0.0812992
3700 0.0828938
3800 0.0889063
3900 0.0882559
4000 0.1010461
4100 0.0933802
4200 0.0954576
4300 0.1085469
4400 0.0990942
4500 0.1099213
4600 0.1044479
4700 0.1081071
4800 0.1070144
4900 0.1093809
5000 0.1256687
5100 0.1261876
5200 0.1262314
5300 0.1302296
5400 0.131498
5500 0.1308094
5600 0.125003
5700 0.1355642
5800 0.1419792
5900 0.1432595
6000 0.1499013
6100 0.1448364
6200 0.1428004
6300 0.1531509
6400 0.1427761
6500 0.1536997
6600 0.1564245
6700 0.1602993
6800 0.1654533
6900 0.1537421
7000 0.1660247
7100 0.1689843
7200 0.1733234
7300 0.1729091
7400 0.1767809
7500 0.1835173
7600 0.1805156
7700 0.1935539
7800 0.194061
7900 0.1971777
8000 0.1972825
8100 0.1959513
8200 0.1833433
8300 0.1981114
8400 0.204168
8500 0.2056421
8600 0.2159131
8700 0.2128879
8800 0.2114673
8900 0.2118176
9000 0.2181686
9100 0.2185003
9200 0.2195922
9300 0.2222156
9400 0.227032
9500 0.2275543
9600 0.2393271
9700 0.2322986
9800 0.2369613
9900 0.2476106
10000 0.2483843
