0 0.0
100 0.05285
200 0.0906002
300 0.1667406
400 0.1642281
500 0.1915024
600 0.2328059
700 0.255762
800 0.3166835
900 0.3536131
1000 0.3761159
1100 0.4115869
1200 0.4440729
1300 0.4980564
1400 0.5192095
1500 0.6136036
1600 0.6155913
1700 0.6360771
1800 0.6624681
1900 0.7262934
2000 0.7460019
2100 0.8009808
2200 0.8102175
2300 0.8466527
2400 0.8941508
2500 0.9480204
2600 0.9829928
2700 0.9918342
2800 1.0432472
2900 1.0653546
3000 1.1439242
3100 1.1529686
3200 1.191329
3300 1.2457679
3400 1.2634976
3500 1.3236513
3600 1.3102134
3700 1.3526805
3800 1.3719266
3900 1.4078259
4000 1.4520829
4100 1.4809502
4200 1.5299624
4300 1.6109971
4400 1.6153913
4500 1.6838263
4600 1.6880988
4700 1.7155432
4800 1.747418
4900 1.785426
5000 1.8219247
5100 1.8594518
5200 1.8913982
5300 1.92536
5400 1.9662856
5500 2.0131567
5600 2.0300645
5700 2.0838557
5800 2.1573941
5900 2.1397849
6000 2.1947206
6100 2.2642928
6200 2.2476377
6300 2.3331685
6400 2.3265407
6500 2.3703934
6600 2.4472061
6700 2.4531982
6800 2.4514867
6900 2.4849153
7000 2.5635616
7100 2.5927316
7200 2.7507267
7300 2.6487049
7400 2.7936129
7500 2.7773734
7600 2.7495329
7700 2.7878214
7800 2.8082819
7900 2.8473377
8000 2.8802892
8100 2.9343093
8200 2.9531419
8300 3.0635896
8400 3.1028895
8500 3.0759669
8600 3.0955671
8700 3.1514471
8800 3.233402
8900 3.2245986
9000 3.2888174
9100 3.2968364
9200 3.3157048
9300 3.351734
9400 3.4076893
9500 3.450968
9600 3.4455024
9700 3.5369972
9800 3.5871998
9900 3.6103624
10000 3.6559752
