10000 2.17E-5
10010000 0.0171957
20010000 0.0074889
30010000 0.0233494
40010000 0.0708048
50010000 0.0098065
60010000 0.014854
70010000 0.103554
80010000 0.0249323
90010000 0.0199112
100010000 0.022032
110010000 0.0939781
120010000 0.0257047
130010000 0.0939104
140010000 0.092971
150010000 0.0339415
160010000 0.0361376
170010000 0.0572196
180010000 0.0374227
190010000 0.0387697
200010000 0.1136666
210010000 0.0437581
220010000 0.0451524
230010000 0.1480006
240010000 0.097043
250010000 0.0520356
260010000 0.0674607
270010000 0.0547052
280010000 0.0568835
290010000 0.236928
300010000 0.0633494
310010000 0.0644572
320010000 0.1293696
330010000 0.0674121
340010000 0.1532213
350010000 0.0725445
360010000 0.0725266
370010000 0.1565532
380010000 0.0768521
390010000 0.0769411
400010000 0.1467498
410010000 0.082132
420010000 0.2113877
430010000 0.0876988
440010000 0.1111121
450010000 0.0896391
460010000 0.0913706
470010000 0.1926973
480010000 0.097596
490010000 0.0977915
500010000 0.1028311
510010000 0.1028908
520010000 0.1061501
530010000 0.1065554
540010000 0.1092565
550010000 0.1118122
560010000 0.1127735
570010000 0.1150879
580010000 0.1158167
590010000 0.1179669
600010000 0.1203439
610010000 0.1213007
620010000 0.121137
630010000 0.122327
640010000 0.1251013
650010000 0.1269324
660010000 0.1270676
670010000 0.1339568
680010000 0.132784
690010000 0.1341459
700010000 0.1338477
710010000 0.140665
720010000 0.1389662
730010000 0.143834
740010000 0.1431673
750010000 0.1438176
760010000 0.1468636
770010000 0.1474863
780010000 0.1496719
790010000 0.1509823
800010000 0.1514656
810010000 0.154265
820010000 0.1582878
830010000 0.1582914
840010000 0.1608412
850010000 0.1620953
860010000 0.1658453
870010000 0.1679843
880010000 0.1701609
890010000 0.1769225
900010000 0.1789626
910010000 0.1816932
920010000 0.2290588
930010000 0.2301446
940010000 0.2316992
950010000 0.2316673
960010000 0.2364027
970010000 0.239212
980010000 0.2360071
990010000 0.2444945
1000010000 0.2439754
