0 0.0
100 0.0234889
200 0.0397685
300 0.0541575
400 0.0859521
500 0.0955182
600 0.1042131
700 0.1265687
800 0.1407861
900 0.1691289
1000 0.1762284
1100 0.1930337
1200 0.2128197
1300 0.2444263
1400 0.258202
1500 0.2595336
1600 0.2765277
1700 0.3140308
1800 0.3130207
1900 0.3275039
2000 0.3431811
2100 0.365329
2200 0.3805352
2300 0.4130229
2400 0.4190775
2500 0.4241297
2600 0.4456056
2700 0.458477
2800 0.4732792
2900 0.5086309
3000 0.5055023
3100 0.5224134
3200 0.5441554
3300 0.5817261
3400 0.5908019
3500 0.5855477
3600 0.5814745
3700 0.6106932
3800 0.6427833
3900 0.6526186
4000 0.6533183
4100 0.6786891
4200 0.6861736
4300 0.7153047
4400 0.7313779
4500 0.7263119
4600 0.7771611
4700 0.7626605
4800 0.788913
4900 0.7835142
5000 0.8205924
5100 0.8645647
5200 0.8552667
5300 0.8709343
5400 0.889416
5500 0.90615
5600 0.9260356
5700 0.9180468
5800 0.9688221
5900 0.9723729
6000 0.9904017
6100 1.024791
6200 0.9825544
6300 1.0003123
6400 1.0184874
6500 1.0457949
6600 1.0511025
6700 1.0721285
6800 1.0847866
6900 1.0873831
7000 1.1300813
7100 1.1369404
7200 1.1594926
7300 1.1477992
7400 1.1723678
7500 1.2098017
7600 1.2282215
7700 1.2770946
7800 1.3195583
7900 1.3103518
8000 1.3389328
8100 1.3538827
8200 1.3009662
8300 1.3272951
8400 1.3394848
8500 1.3412166
8600 1.4578205
8700 1.4230207
8800 1.4198382
8900 1.4107014
9000 1.4289416
9100 1.4477961
9200 1.4498171
9300 1.4665837
9400 1.4749472
9500 1.540829
9600 1.566318
9700 1.5910219
9800 1.5357182
9900 1.6487079
10000 1.6475529
